0 151.00000000 539.00000000
1 159.00000000 631.00000000
2 174.00000000 725.00000000
3 196.00000000 814.00000000
4 242.00000000 890.00000000
5 305.00000000 951.00000000
6 377.00000000 1001.00000000
7 456.00000000 1032.00000000
8 535.00000000 1035.00000000
9 595.00000000 1010.00000000
10 631.00000000 948.00000000
11 663.00000000 877.00000000
12 691.00000000 807.00000000
13 717.00000000 736.00000000
14 735.00000000 663.00000000
15 736.00000000 588.00000000
16 728.00000000 517.00000000
17 257.00000000 465.00000000
18 305.00000000 428.00000000
19 366.00000000 411.00000000
20 429.00000000 411.00000000
21 490.00000000 431.00000000
22 585.00000000 426.00000000
23 622.00000000 402.00000000
24 662.00000000 394.00000000
25 700.00000000 397.00000000
26 727.00000000 424.00000000
27 544.00000000 498.00000000
28 554.00000000 546.00000000
29 566.00000000 594.00000000
30 577.00000000 643.00000000
31 492.00000000 682.00000000
32 526.00000000 691.00000000
33 559.00000000 701.00000000
34 586.00000000 690.00000000
35 607.00000000 676.00000000
36 328.00000000 511.00000000
37 368.00000000 481.00000000
38 410.00000000 481.00000000
39 445.00000000 519.00000000
40 407.00000000 520.00000000
41 366.00000000 519.00000000
42 590.00000000 510.00000000
43 623.00000000 470.00000000
44 662.00000000 465.00000000
45 688.00000000 491.00000000
46 666.00000000 503.00000000
47 629.00000000 507.00000000
48 366.00000000 777.00000000
49 432.00000000 739.00000000
50 507.00000000 728.00000000
51 548.00000000 732.00000000
52 584.00000000 723.00000000
53 626.00000000 732.00000000
54 646.00000000 768.00000000
55 623.00000000 854.00000000
56 583.00000000 899.00000000
57 542.00000000 909.00000000
58 498.00000000 906.00000000
59 424.00000000 868.00000000
60 378.00000000 778.00000000
61 506.00000000 755.00000000
62 547.00000000 756.00000000
63 583.00000000 750.00000000
64 630.00000000 770.00000000
65 582.00000000 855.00000000
66 543.00000000 865.00000000
67 501.00000000 863.00000000
68 0.00000000 0.00000000
69 20.87755102 0.00000000
70 41.75510204 0.00000000
71 62.63265306 0.00000000
72 83.51020408 0.00000000
73 104.38775510 0.00000000
74 125.26530612 0.00000000
75 146.14285714 0.00000000
76 167.02040816 0.00000000
77 187.89795918 0.00000000
78 208.77551020 0.00000000
79 229.65306122 0.00000000
80 250.53061224 0.00000000
81 271.40816327 0.00000000
82 292.28571429 0.00000000
83 313.16326531 0.00000000
84 334.04081633 0.00000000
85 354.91836735 0.00000000
86 375.79591837 0.00000000
87 396.67346939 0.00000000
88 417.55102041 0.00000000
89 438.42857143 0.00000000
90 459.30612245 0.00000000
91 480.18367347 0.00000000
92 501.06122449 0.00000000
93 521.93877551 0.00000000
94 542.81632653 0.00000000
95 563.69387755 0.00000000
96 584.57142857 0.00000000
97 605.44897959 0.00000000
98 626.32653061 0.00000000
99 647.20408163 0.00000000
100 668.08163265 0.00000000
101 688.95918367 0.00000000
102 709.83673469 0.00000000
103 730.71428571 0.00000000
104 751.59183673 0.00000000
105 772.46938776 0.00000000
106 793.34693878 0.00000000
107 814.22448980 0.00000000
108 835.10204082 0.00000000
109 855.97959184 0.00000000
110 876.85714286 0.00000000
111 897.73469388 0.00000000
112 918.61224490 0.00000000
113 939.48979592 0.00000000
114 960.36734694 0.00000000
115 981.24489796 0.00000000
116 1002.12244898 0.00000000
117 1023.00000000 0.00000000
118 0.00000000 1023.00000000
119 20.87755102 1023.00000000
120 41.75510204 1023.00000000
121 62.63265306 1023.00000000
122 83.51020408 1023.00000000
123 104.38775510 1023.00000000
124 125.26530612 1023.00000000
125 146.14285714 1023.00000000
126 167.02040816 1023.00000000
127 187.89795918 1023.00000000
128 208.77551020 1023.00000000
129 229.65306122 1023.00000000
130 250.53061224 1023.00000000
131 271.40816327 1023.00000000
132 292.28571429 1023.00000000
133 313.16326531 1023.00000000
134 334.04081633 1023.00000000
135 354.91836735 1023.00000000
136 375.79591837 1023.00000000
137 396.67346939 1023.00000000
138 417.55102041 1023.00000000
139 438.42857143 1023.00000000
140 459.30612245 1023.00000000
141 480.18367347 1023.00000000
142 501.06122449 1023.00000000
143 521.93877551 1023.00000000
144 542.81632653 1023.00000000
145 563.69387755 1023.00000000
146 584.57142857 1023.00000000
147 605.44897959 1023.00000000
148 626.32653061 1023.00000000
149 647.20408163 1023.00000000
150 668.08163265 1023.00000000
151 688.95918367 1023.00000000
152 709.83673469 1023.00000000
153 730.71428571 1023.00000000
154 751.59183673 1023.00000000
155 772.46938776 1023.00000000
156 793.34693878 1023.00000000
157 814.22448980 1023.00000000
158 835.10204082 1023.00000000
159 855.97959184 1023.00000000
160 876.85714286 1023.00000000
161 897.73469388 1023.00000000
162 918.61224490 1023.00000000
163 939.48979592 1023.00000000
164 960.36734694 1023.00000000
165 981.24489796 1023.00000000
166 1002.12244898 1023.00000000
167 1023.00000000 1023.00000000
168 0.00000000 20.87755102
169 0.00000000 41.75510204
170 0.00000000 62.63265306
171 0.00000000 83.51020408
172 0.00000000 104.38775510
173 0.00000000 125.26530612
174 0.00000000 146.14285714
175 0.00000000 167.02040816
176 0.00000000 187.89795918
177 0.00000000 208.77551020
178 0.00000000 229.65306122
179 0.00000000 250.53061224
180 0.00000000 271.40816327
181 0.00000000 292.28571429
182 0.00000000 313.16326531
183 0.00000000 334.04081633
184 0.00000000 354.91836735
185 0.00000000 375.79591837
186 0.00000000 396.67346939
187 0.00000000 417.55102041
188 0.00000000 438.42857143
189 0.00000000 459.30612245
190 0.00000000 480.18367347
191 0.00000000 501.06122449
192 0.00000000 521.93877551
193 0.00000000 542.81632653
194 0.00000000 563.69387755
195 0.00000000 584.57142857
196 0.00000000 605.44897959
197 0.00000000 626.32653061
198 0.00000000 647.20408163
199 0.00000000 668.08163265
200 0.00000000 688.95918367
201 0.00000000 709.83673469
202 0.00000000 730.71428571
203 0.00000000 751.59183673
204 0.00000000 772.46938776
205 0.00000000 793.34693878
206 0.00000000 814.22448980
207 0.00000000 835.10204082
208 0.00000000 855.97959184
209 0.00000000 876.85714286
210 0.00000000 897.73469388
211 0.00000000 918.61224490
212 0.00000000 939.48979592
213 0.00000000 960.36734694
214 0.00000000 981.24489796
215 0.00000000 1002.12244898
216 1023.00000000 20.87755102
217 1023.00000000 41.75510204
218 1023.00000000 62.63265306
219 1023.00000000 83.51020408
220 1023.00000000 104.38775510
221 1023.00000000 125.26530612
222 1023.00000000 146.14285714
223 1023.00000000 167.02040816
224 1023.00000000 187.89795918
225 1023.00000000 208.77551020
226 1023.00000000 229.65306122
227 1023.00000000 250.53061224
228 1023.00000000 271.40816327
229 1023.00000000 292.28571429
230 1023.00000000 313.16326531
231 1023.00000000 334.04081633
232 1023.00000000 354.91836735
233 1023.00000000 375.79591837
234 1023.00000000 396.67346939
235 1023.00000000 417.55102041
236 1023.00000000 438.42857143
237 1023.00000000 459.30612245
238 1023.00000000 480.18367347
239 1023.00000000 501.06122449
240 1023.00000000 521.93877551
241 1023.00000000 542.81632653
242 1023.00000000 563.69387755
243 1023.00000000 584.57142857
244 1023.00000000 605.44897959
245 1023.00000000 626.32653061
246 1023.00000000 647.20408163
247 1023.00000000 668.08163265
248 1023.00000000 688.95918367
249 1023.00000000 709.83673469
250 1023.00000000 730.71428571
251 1023.00000000 751.59183673
252 1023.00000000 772.46938776
253 1023.00000000 793.34693878
254 1023.00000000 814.22448980
255 1023.00000000 835.10204082
256 1023.00000000 855.97959184
257 1023.00000000 876.85714286
258 1023.00000000 897.73469388
259 1023.00000000 918.61224490
260 1023.00000000 939.48979592
261 1023.00000000 960.36734694
262 1023.00000000 981.24489796
263 1023.00000000 1002.12244898
